241 1635000 2060000
242 1638000 2063000
243 1641000 2066000
244 1644000 2069000
245 1647000 2072000
246 1650000 2075000
247 1653000 2078000
248 1656000 2081000
249 1659000 2084000
250 1662000 2087000
251 1665000 2090000
252 1668000 2093000
253 1671000 2096000
254 1674000 2099000
255 1677000 2102000
256 1680000 2105000
260 1692000 2117000
261 1695000 2120000
262 1698000 2123000
263 1701000 2126000
264 1704000 2129000
265 1707000 2132000
266 1710000 2135000
267 1713000 2138000
268 1716000 2060000
269 1719000 2063000
270 1722000 2066000
271 1725000 2069000
272 1728000 2072000
273 1731000 2075000
274 1734000 2078000
275 1737000 2081000
276 1740000 2084000
277 1743000 2087000
278 1746000 2090000
279 1749000 2093000
280 1752000 2096000
281 1755000 2099000
282 1758000 2102000
283 1761000 2105000
284 1764000 2108000
285 1767000 2111000
286 1770000 2114000
287 1773000 2117000
288 1776000 2122000
289 1779000 2123000
290 1782000 2126000
291 1785000 2129000
293 1788000 2122000
294 1794000 2138000
295 1797000 2060000
401 4357000 4065000
402 4360000 4068000
403 4363000 4071000
404 4366000 4074000
405 4369000 4077000
406 4372000 4080000
407 4375000 4083000
408 4378000 4086000
409 4381000 4089000
410 4384000 4092000
411 4387000 4095000
412 4390000 4098000
413 4393000 4101000
414 4396000 4104000
415 4399000 4107000
416 4402000 4110000
417 4405000 4113000
418 4408000 4116000
419 4411000 4119000
420 4414000 4122000
421 4125000 4125000
422 4420000 4128000
423 4423000 4131000
424 4426000 4134000
425 4429000 4137000
426 4432000 4140000
427 4435000 4143000
601 6501000 6200000
602 6504000 6203000
603 6507000 6206000
604 6510000 6209000
605 6513000 6212000
606 6516000 6215000
607 6519000 6218000
608 6522000 6221000
801 8719000 8195000
802 8722000 8198000
803 8725000 8201000
804 8728000 8204000
805 8731000 8207000
806 8734000 8210000
807 8737000 8213000
808 8740000 8216000
809 8743000 8219000
810 8746000 8222000
811 8749000 8225000
812 8752000 8228000
813 8755000 8231000
814 8758000 8234000
815 8761000 8237000
816 8764000 8240000
817 8767000 8243000
818 8770000 8246000
819 8773000 8249000
820 8776000 8252000
821 8779000 8255000
822 8782000 8258000
823 8785000 8261000
824 8788000 8264000
825 8791000 8267000
826 8794000 8270000
827 8797000 8273000
828 8800000 8276000
829 8803000 8279000
830 8806000 8282000
831 8809000 8285000
832 8812000 8288000
833 8291000 8291000
1201 13077000 12230000
1202 13080000 12233000
1203 13083000 12236000
1204 13086000 12239000
1205 13089000 12242000
1206 13092000 12245000
1207 13095000 12248000
1208 13098000 12251000
1209 13101000 12254000
1210 13104000 12257000
1211 13107000 12260000
1212 13110000 12263000
1213 13113000 12266000
1214 13116000 12269000
1215 13119000 12272000
1216 13122000 12275000
1217 13125000 12278000
1218 13128000 12281000
1219 13131000 12284000
1220 13134000 12287000
1221 13137000 12290000
1222 13140000 12293000
1223 13143000 12296000
1224 13146000 12299000
1225 13149000 12302000
1226 13152000 12305000
1227 13155000 12308000
1228 13158000 12311000
1229 13161000 12314000
1230 13164000 12317000
1231 13167000 12320000
1232 13170000 12323000
1233 13173000 12326000
1234 13176000 12329000
1235 13179000 12332000
1236 13182000 12335000
1237 13185000 12338000
1238 13188000 12341000
1239 13191000 12344000
1240 13194000 12347000
1241 13197000 12350000
1601 17242000 16360000
1602 17245000 16363000
1603 17248000 16366000
1604 17251000 16369000
1605 17254000 16372000
1606 17257000 16375000
1607 17260000 16378000
1608 17263000 16381000
1609 17266000 16384000
1610 17269000 16387000
1611 17272000 16390000
1612 17275000 16393000
1613 17278000 16396000
1614 17281000 16399000
1615 17284000 16402000
1616 17287000 16405000
1617 17290000 16408000
1618 17293000 16411000
1619 17296000 16414000
1620 17299000 16417000
1621 17302000 16420000
1622 17305000 16423000
1623 17308000 16426000
1624 17311000 16429000
1625 17314000 16432000
1626 17317000 16435000
1627 17320000 16438000
1628 17323000 16441000
1629 17326000 16444000
1630 17329000 16447000
1631 17332000 16450000
1632 17335000 16453000
1633 17338000 16456000
1634 17341000 16459000
1635 17344000 16462000
1636 17347000 16465000
1637 17350000 16468000
1638 17353000 16471000
1639 17356000 16474000
1640 17359000 16477000
1641 17362000 16480000
1642 17365000 16483000
1643 17368000 16486000
1644 17371000 16489000
1645 17374000 16492000
1646 17377000 16495000
1647 17380000 16498000
1648 17383000 16501000
1649 17386000 16504000
1650 17389000 16507000
1651 17392000 16510000
1652 17395000 16513000
1653 17398000 16516000
1654 17401000 16519000
1655 17404000 16522000
1656 17407000 16525000
1801 19755000 18780000
1802 19758000 18783000
1803 19761000 18786000
1804 19764000 18789000
1805 19767000 18792000
1806 19770000 18795000
1807 19773000 18798000
1808 19776000 18801000
1809 19779000 18804000
1810 19782000 18807000
1811 19785000 18810000
1812 19788000 18813000
1813 19791000 18816000
1814 19794000 18819000
1815 19797000 18822000
2201 22696000 22000000
2202 22699000 22003000
2203 22702000 22006000
2204 22705000 22009000
2205 22708000 22012000
2206 22711000 22015000
2207 22714000 22018000
2208 22717000 22021000
2209 22720000 22024000
2210 22723000 22027000
2211 22726000 22030000
2212 22729000 22033000
2213 22732000 22036000
2214 22735000 22039000
2215 22738000 22042000
2216 22741000 22045000
2217 22744000 22048000
2218 22747000 22051000
2219 22750000 22054000
2220 22753000 22057000
2221 22756000 22060000
2222 22759000 22063000
2223 22762000 22066000
2224 22765000 22069000
2225 22768000 22072000
2226 22771000 22075000
2227 22774000 22078000
2228 22777000 22081000
2229 22780000 22084000
2230 22783000 22087000
2231 22786000 22090000
2232 22789000 22093000
2233 22792000 22096000
2234 22795000 22099000
2235 22798000 22102000
2236 22801000 22105000
2237 22804000 22108000
2238 22807000 22111000
2239 22810000 22114000
2240 22813000 22117000
2241 22816000 22120000
2242 22819000 22123000
2243 22822000 22126000
2244 22825000 22129000
2245 22828000 22132000
2246 22831000 22135000
2247 22834000 22138000
2248 22837000 22141000
2249 22840000 22144000
2250 22843000 22147000
2251 22846000 22150000
2252 22849000 22153000
2253 22852000 22156000
2501 26145000 25070000
2502 26148000 25073000
2503 26151000 25076000
2504 26154000 25079000
2505 26157000 25082000
2506 26160000 25085000
2507 26163000 25088000
2508 26166000 25091000
2509 26169000 25094000
2510 26172000 25097000 